año	mes	dia	obs_method_key	magnitude	delta	r	magnitud_reducida
2024	8	12	Z	8.2	1.985	1.161	6.3870363458114605
2024	8	11	M	8.9	1.991	1.18	7.045233663332326
2024	8	11	Z	8.4	1.991	1.18	6.545233663332326
2024	8	10	S	9.0	1.997	1.198	7.105825585380024
2024	8	10	M	8.6	1.997	1.198	6.7058255853800235
2024	8	10	Z	8.4	1.997	1.198	6.505825585380024
2024	8	9	C	8.7	2.003	1.216	6.766927378848537
2024	8	7	M	8.7	2.013	1.252	6.692759481184672
2024	8	6	Z	8.6	2.018	1.27	6.556375585715757
2024	8	6	M	8.5	2.018	1.27	6.456375585715757
2024	8	6	M	8.6	2.018	1.27	6.556375585715757
2024	8	5	V	9.4	2.022	1.288	7.321514928606122
2024	8	5	S	8.5	2.022	1.288	6.421514928606122
2024	8	4	Z	8.7	2.026	1.306	6.587086910183416
2024	8	3	Z	9.2	2.029	1.324	7.054149839314864
2024	8	3	M	8.8	2.029	1.324	6.654149839314865
2024	8	2	Z	8.8	2.032	1.342	6.621618902775726
2024	8	2	C	9.6	2.032	1.342	7.421618902775725
2024	8	1	M	9.0	2.035	1.359	6.791080648531334
2024	8	1	Z	9.5	2.035	1.359	7.291080648531334
2024	8	1	C	9.7	2.035	1.359	7.491080648531334
2024	8	1	M	8.9	2.035	1.359	6.691080648531335
2024	8	1	M	8.9	2.035	1.359	6.691080648531335
2024	8	1	C	6.9	2.035	1.359	4.691080648531335
2024	7	31	M	9.2	2.037	1.377	6.96037515371456
2024	7	31	Z	8.8	2.037	1.377	6.560375153714562
2024	7	31	S	8.7	2.037	1.377	6.46037515371456
2024	7	31	M	8.9	2.037	1.377	6.660375153714561
2024	7	30	S	8.8	2.039	1.394	6.5316000022993475
2024	7	30	M	8.7	2.039	1.394	6.431600002299346
2024	7	30	C	9.1	2.039	1.394	6.831600002299346
2024	7	29	Z	8.9	2.04	1.412	6.602675679291582
2024	7	29	C	8.9	2.04	1.412	6.602675679291582
2024	7	28	S	8.9	2.042	1.429	6.5745601672906915
2024	7	27	C	9.1	2.042	1.447	6.747378655650355
2024	7	26	C	9.2	2.043	1.464	6.820952783225896
2024	7	26	Z	9.8	2.043	1.464	7.420952783225897
2024	7	26	S	9.0	2.043	1.464	6.6209527832258965
2024	7	26	C	9.0	2.043	1.464	6.6209527832258965
2024	7	25	M	9.5	2.043	1.481	7.0958828742317195
2024	7	24	S	9.3	2.043	1.498	6.871099100020524
2024	7	23	Z	9.1	2.043	1.515	6.6465950026461424
2024	7	23	M	9.3	2.043	1.515	6.8465950026461435
2024	7	23	M	9.5	2.043	1.515	7.046595002646143
2024	7	22	M	9.9	2.042	1.532	7.423427484762618
2024	7	22	C	9.3	2.042	1.532	6.823427484762618
2024	7	22	M	9.1	2.042	1.532	6.623427484762617
2024	7	21	C	9.4	2.041	1.549	6.900527887623618
2024	7	21	M	10.0	2.041	1.549	7.500527887623617
2024	7	21	S	10.3	2.041	1.549	7.800527887623618
2024	7	21	C	10.3	2.041	1.549	7.800527887623618
2024	7	20	C	10.3	2.04	1.566	7.777890374260884
2024	7	19	C	10.4	2.038	1.583	7.856574527336183
2024	7	18	S	10.5	2.037	1.599	7.935802536268006
2024	7	18	Z	9.3	2.037	1.599	6.7358025362680065
2024	7	18	C	10.4	2.037	1.599	7.835802536268006
2024	7	17	S	9.5	2.034	1.616	6.916038474873535
2024	7	16	Z	9.3	2.032	1.633	6.695450558257251
2024	7	16	C	10.4	2.032	1.633	7.795450558257251
2024	7	16	V	10.5	2.032	1.633	7.8954505582572505
2024	7	15	S	10.0	2.03	1.649	7.3764165322113415
2024	7	15	V	10.6	2.03	1.649	7.976416532211341
2024	7	15	V	12.1	2.03	1.649	9.476416532211342
2024	7	14	C	10.1	2.027	1.666	7.457356271181112
2024	7	14	S	9.5	2.027	1.666	6.8573562711811125
2024	7	13	C	10.0	2.024	1.682	7.339817501851726
2024	7	13	V	10.5	2.024	1.682	7.839817501851726
2024	7	12	S	10.0	2.02	1.699	7.3222762584216525
2024	7	12	C	10.5	2.02	1.699	7.8222762584216525
2024	7	11	S	10.3	2.017	1.715	7.605149887042227
2024	7	11	C	10.4	2.017	1.715	7.705149887042227
2024	7	10	S	10.4	2.013	1.731	7.689295786179758
2024	7	10	M	9.6	2.013	1.731	6.8892957861797575
2024	7	9	S	10.4	2.009	1.748	7.6723931747668335
2024	7	9	M	9.7	2.009	1.748	6.972393174766832
2024	7	8	S	9.7	2.005	1.764	6.956935211239989
2024	7	8	Z	9.6	2.005	1.764	6.856935211239989
2024	7	8	S	10.1	2.005	1.764	7.356935211239989
2024	7	7	S	10.0	2.001	1.78	7.241664545274473
2024	7	6	M	10.0	1.996	1.796	7.2276656535868105
2024	7	6	Z	10.5	1.996	1.796	7.7276656535868105
2024	7	6	S	10.4	1.996	1.796	7.627665653586811
2024	7	6	S	9.7	1.996	1.796	6.92766565358681
2024	7	5	S	10.7	1.991	1.812	7.91385273315898
2024	7	5	Z	10.4	1.991	1.812	7.613852733158981
2024	7	5	S	10.4	1.991	1.812	7.613852733158981
2024	7	4	Z	10.7	1.987	1.828	7.89912970746186
2024	7	4	C	11.1	1.987	1.828	8.29912970746186
2024	7	4	S	10.4	1.987	1.828	7.599129707461861
2024	7	4	V	10.9	1.987	1.828	8.099129707461861
2024	7	4	C	11.4	1.987	1.828	8.599129707461861
2024	7	4	V	11.9	1.987	1.828	9.099129707461861
2024	7	3	Z	10.5	1.982	1.844	7.685677165665664
2024	7	3	S	10.2	1.982	1.844	7.385677165665664
2024	7	3	V	11.0	1.982	1.844	8.185677165665664
2024	7	2	Z	10.6	1.976	1.86	7.773500577652372
2024	7	2	M	10.0	1.976	1.86	7.173500577652372
2024	7	2	Z	9.7	1.976	1.86	6.873500577652371
2024	7	2	S	10.4	1.976	1.86	7.573500577652372
2024	7	2	V	10.9	1.976	1.86	8.073500577652371
2024	7	2	S	9.9	1.976	1.86	7.073500577652372
2024	7	2	V	9.9	1.976	1.86	7.073500577652372
2024	7	1	S	9.9	1.971	1.876	7.0604027083875565
2024	7	1	Z	10.6	1.971	1.876	7.760402708387556
2024	7	1	M	10.1	1.971	1.876	7.260402708387556
2024	7	1	S	10.1	1.971	1.876	7.260402708387556
2024	7	1	S	10.0	1.971	1.876	7.160402708387556
2024	7	1	S	9.8	1.971	1.876	6.960402708387557
2024	7	1	S	10.1	1.971	1.876	7.260402708387556
2024	7	1	M	9.9	1.971	1.876	7.0604027083875565
2024	6	30	Z	10.9	1.966	1.891	8.048624788294218
2024	6	30	S	10.2	1.966	1.891	7.348624788294217
2024	6	30	V	11.1	1.966	1.891	8.248624788294217
2024	6	30	V	12.9	1.966	1.891	10.048624788294218
2024	6	29	S	9.8	1.96	1.907	6.936966177987593
2024	6	29	S	10.4	1.96	1.907	7.536966177987592
2024	6	29	Z	9.9	1.96	1.907	7.036966177987592
2024	6	29	S	10.6	1.96	1.907	7.736966177987592
2024	6	29	C	10.3	1.96	1.907	7.436966177987593
2024	6	29	V	10.8	1.96	1.907	7.936966177987593
2024	6	28	C	10.0	1.954	1.923	7.125480781893829
2024	6	28	C	10.7	1.954	1.923	7.825480781893829
2024	6	28	S	10.0	1.954	1.923	7.125480781893829
2024	6	28	S	10.8	1.954	1.923	7.92548078189383
2024	6	28	C	11.4	1.954	1.923	8.52548078189383
2024	6	28	V	10.9	1.954	1.923	8.02548078189383
2024	6	28	M	9.9	1.954	1.923	7.02548078189383
2024	6	27	M	9.9	1.949	1.939	7.013051759018365
2024	6	26	k	10.2	1.943	1.954	7.303013200087316
2024	6	26	V	10.6	1.943	1.954	7.703013200087316
2024	6	26	C	10.2	1.943	1.954	7.303013200087316
2024	6	26	Z	10.6	1.943	1.954	7.703013200087316
2024	6	26	S	10.5	1.943	1.954	7.603013200087316
2024	6	26	B	10.5	1.943	1.954	7.603013200087316
2024	6	26	M	9.8	1.943	1.954	6.903013200087317
2024	6	26	M	10.0	1.943	1.954	7.103013200087316
2024	6	25	C	10.2	1.937	1.97	7.29202076559648
2024	6	25	C	9.3	1.937	1.97	6.392020765596482
2024	6	25	S	10.0	1.937	1.97	7.092020765596481
2024	6	25	Z	10.7	1.937	1.97	7.79202076559648
2024	6	25	V	11.0	1.937	1.97	8.09202076559648
2024	6	24	Z	10.6	1.931	1.985	7.682286075607356
2024	6	24	S	10.1	1.931	1.985	7.182286075607356
2024	6	24	C	10.0	1.931	1.985	7.082286075607357
2024	6	24	S	10.3	1.931	1.985	7.382286075607357
2024	6	24	C	11.2	1.931	1.985	8.282286075607356
2024	6	24	Z	10.4	1.931	1.985	7.482286075607357
2024	6	24	C	11.2	1.931	1.985	8.282286075607356
2024	6	24	V	10.9	1.931	1.985	7.982286075607357
2024	6	24	S	9.6	1.931	1.985	6.682286075607356
2024	6	24	M	10.3	1.931	1.985	7.382286075607357
2024	6	24	V	9.9	1.931	1.985	6.982286075607357
2024	6	24	D	10.7	1.931	1.985	7.782286075607356
2024	6	24	H	9.2	1.931	1.985	6.282286075607356
2024	6	23	C	10.5	1.925	2.001	7.5716108875963455
2024	6	23	M	10.1	1.925	2.001	7.171610887596345
2024	6	23	C	10.2	1.925	2.001	7.271610887596345
2024	6	23	Z	10.2	1.925	2.001	7.271610887596345
2024	6	23	S	10.1	1.925	2.001	7.171610887596345
2024	6	23	Z	10.0	1.925	2.001	7.0716108875963455
2024	6	23	V	10.9	1.925	2.001	7.971610887596346
2024	6	22	S	9.6	1.919	2.016	6.662172487455203
2024	6	22	C	10.3	1.919	2.016	7.362172487455204
2024	6	21	Z	10.7	1.912	2.031	7.754010943275559
2024	6	21	Z	11.4	1.912	2.031	8.45401094327556
2024	6	21	M	10.6	1.912	2.031	7.654010943275559
2024	6	20	Z	11.0	1.906	2.047	8.043796305175933
2024	6	20	M	10.4	1.906	2.047	7.443796305175933
2024	6	20	Z	10.2	1.906	2.047	7.243796305175932
2024	6	20	Z	10.1	1.906	2.047	7.143796305175933
2024	6	20	S	10.3	1.906	2.047	7.343796305175934
2024	6	20	V	11.0	1.906	2.047	8.043796305175933
2024	6	19	M	10.3	1.9	2.062	7.3347886904983675
2024	6	19	S	10.6	1.9	2.062	7.634788690498366
2024	6	19	V	10.9	1.9	2.062	7.934788690498367
2024	6	18	S	9.7	1.894	2.077	6.725917643988231
2024	6	18	S	10.8	1.894	2.077	7.825917643988232
2024	6	18	Z	10.1	1.894	2.077	7.125917643988231
2024	6	18	V	10.5	1.894	2.077	7.525917643988231
2024	6	18	H	9.6	1.894	2.077	6.625917643988231
2024	6	18	D	11.0	1.894	2.077	8.025917643988231
2024	6	17	Z	10.2	1.887	2.092	7.218332098199159
2024	6	16	Z	9.8	1.881	2.108	6.808702989545561
2024	6	15	Z	11.2	1.875	2.123	8.200243668851318
2024	6	15	Z	10.3	1.875	2.123	7.300243668851318
2024	6	15	V	11.5	1.875	2.123	8.500243668851319
2024	6	14	S	10.8	1.868	2.138	7.793077136165832
2024	6	13	Z	10.6	1.862	2.153	7.584881467655944
2024	6	13	S	10.7	1.862	2.153	7.684881467655944
2024	6	13	C	11.4	1.862	2.153	8.384881467655944
2024	6	13	V	11.3	1.862	2.153	8.284881467655946
2024	6	12	Z	11.1	1.856	2.168	8.076813751254036
2024	6	11	C	10.6	1.85	2.183	7.5688726794392345
2024	6	11	k	10.7	1.85	2.183	7.668872679439234
2024	6	11	Z	10.2	1.85	2.183	7.168872679439234
2024	6	11	Z	10.2	1.85	2.183	7.168872679439234
2024	6	11	M	10.3	1.85	2.183	7.2688726794392355
2024	6	10	M	10.2	1.844	2.198	7.161056975974588
2024	6	10	B	10.8	1.844	2.198	7.761056975974589
2024	6	10	Z	10.7	1.844	2.198	7.661056975974588
2024	6	10	S	9.9	1.844	2.198	6.861056975974589
2024	6	10	S	10.3	1.844	2.198	7.261056975974589
2024	6	10	k	10.8	1.844	2.198	7.761056975974589
2024	6	10	C	10.7	1.844	2.198	7.661056975974588
2024	6	10	V	10.5	1.844	2.198	7.461056975974588
2024	6	10	D	11.3	1.844	2.198	8.26105697597459
2024	6	10	H	9.6	1.844	2.198	6.561056975974588
2024	6	10	C	11.2	1.844	2.198	8.161056975974589
2024	6	9	M	10.2	1.838	2.212	7.154346851586233
2024	6	9	S	9.9	1.838	2.212	6.854346851586234
2024	6	9	S	10.3	1.838	2.212	7.254346851586234
2024	6	9	Z	10.2	1.838	2.212	7.154346851586233
2024	6	9	S	9.9	1.838	2.212	6.854346851586234
2024	6	9	C	10.7	1.838	2.212	7.654346851586233
2024	6	9	Z	10.3	1.838	2.212	7.254346851586234
2024	6	9	C	11.3	1.838	2.212	8.254346851586234
2024	6	9	V	13.1	1.838	2.212	10.054346851586233
2024	6	8	M	10.2	1.832	2.227	7.146771568170651
2024	6	8	S	10.2	1.832	2.227	7.146771568170651
2024	6	8	C	10.6	1.832	2.227	7.5467715681706515
2024	6	8	S	10.0	1.832	2.227	6.946771568170652
2024	6	8	C	11.4	1.832	2.227	8.346771568170652
2024	6	7	Z	10.4	1.826	2.242	7.339318092713828
2024	6	7	S	9.8	1.826	2.242	6.7393180927138285
2024	6	7	Z	10.2	1.826	2.242	7.139318092713827
2024	6	7	S	9.7	1.826	2.242	6.639318092713827
2024	6	7	C	10.7	1.826	2.242	7.639318092713827
2024	6	7	Z	11.0	1.826	2.242	7.939318092713828
2024	6	7	C	11.0	1.826	2.242	7.939318092713828
2024	6	7	V	11.3	1.826	2.242	8.239318092713829
2024	6	7	S	10.2	1.826	2.242	7.139318092713827
2024	6	6	M	10.3	1.821	2.257	7.230792475636591
2024	6	6	Z	10.3	1.821	2.257	7.230792475636591
2024	6	6	Z	10.2	1.821	2.257	7.130792475636589
2024	6	6	Z	10.8	1.821	2.257	7.730792475636591
2024	6	6	S	9.7	1.821	2.257	6.630792475636589
2024	6	6	S	10.2	1.821	2.257	7.130792475636589
2024	6	6	Z	10.2	1.821	2.257	7.130792475636589
2024	6	6	S	10.2	1.821	2.257	7.130792475636589
2024	6	5	M	10.4	1.815	2.271	7.324531182040667
2024	6	5	S	9.8	1.815	2.271	6.724531182040668
2024	6	5	d	10.1	1.815	2.271	7.024531182040667
2024	6	5	C	10.3	1.815	2.271	7.224531182040668
2024	6	5	C	10.2	1.815	2.271	7.124531182040666
2024	6	5	C	10.2	1.815	2.271	7.124531182040666
2024	6	5	Z	10.3	1.815	2.271	7.224531182040668
2024	6	5	C	10.2	1.815	2.271	7.124531182040666
2024	6	5	S	10.9	1.815	2.271	7.824531182040667
2024	6	5	V	11.4	1.815	2.271	8.324531182040667
2024	6	5	Z	10.2	1.815	2.271	7.124531182040666
2024	6	5	S	9.9	1.815	2.271	6.824531182040667
2024	6	4	S	10.8	1.81	2.286	7.716225995357764
2024	6	4	M	10.4	1.81	2.286	7.3162259953577635
2024	6	4	Z	10.8	1.81	2.286	7.716225995357764
2024	6	4	S	10.9	1.81	2.286	7.8162259953577635
2024	6	4	S	10.3	1.81	2.286	7.216225995357764
2024	6	4	Z	10.1	1.81	2.286	7.016225995357763
2024	6	4	S	10.6	1.81	2.286	7.516225995357763
2024	6	4	Z	10.2	1.81	2.286	7.1162259953577625
2024	6	4	M	10.5	1.81	2.286	7.416225995357763
2024	6	4	C	10.6	1.81	2.286	7.516225995357763
2024	6	4	S	10.6	1.81	2.286	7.516225995357763
2024	6	4	C	10.2	1.81	2.286	7.1162259953577625
2024	6	3	M	10.5	1.805	2.301	7.408030875448399
2024	6	3	Z	10.9	1.805	2.301	7.8080308754484
2024	6	3	Z	10.2	1.805	2.301	7.1080308754483985
2024	6	3	V	10.7	1.805	2.301	7.6080308754483985
2024	6	3	D	11.6	1.805	2.301	8.508030875448398
2024	6	3	H	9.8	1.805	2.301	6.7080308754484
2024	6	3	C	11.3	1.805	2.301	8.2080308754484
2024	6	3	M	10.6	1.805	2.301	7.508030875448399
2024	6	2	M	10.5	1.8	2.315	7.40088249771361
2024	6	2	S	9.3	1.8	2.315	6.200882497713611
2024	6	2	C	10.0	1.8	2.315	6.90088249771361
2024	6	2	C	10.7	1.8	2.315	7.600882497713609
2024	6	2	Z	10.7	1.8	2.315	7.600882497713609
2024	6	2	Z	10.3	1.8	2.315	7.200882497713611
2024	6	1	M	10.4	1.795	2.33	7.292898130298216
2024	6	1	Z	11.2	1.795	2.33	8.092898130298215
2024	6	1	B	11.0	1.795	2.33	7.8928981302982155
2024	6	1	Z	11.0	1.795	2.33	7.8928981302982155
2024	6	1	C	10.5	1.795	2.33	7.3928981302982155
2024	6	1	S	10.0	1.795	2.33	6.8928981302982155
2024	6	1	Z	10.2	1.795	2.33	7.092898130298215
2024	6	1	M	9.9	1.795	2.33	6.792898130298216
2024	5	31	M	10.3	1.79	2.344	7.18594680837027
2024	5	31	Z	10.8	1.79	2.344	7.68594680837027
2024	5	31	M	10.2	1.79	2.344	7.085946808370268
2024	5	31	k	10.7	1.79	2.344	7.585946808370268
2024	5	31	V	11.1	1.79	2.344	7.985946808370269
2024	5	31	M	10.1	1.79	2.344	6.985946808370269
2024	5	31	Z	10.9	1.79	2.344	7.785946808370269
2024	5	31	Z	10.3	1.79	2.344	7.18594680837027
2024	5	31	C	11.6	1.79	2.344	8.485946808370269
2024	5	30	M	10.1	1.786	2.359	6.976953022809385
2024	5	30	M	10.3	1.786	2.359	7.176953022809386
2024	5	30	M	10.1	1.786	2.359	6.976953022809385
2024	5	30	S	9.9	1.786	2.359	6.776953022809385
2024	5	30	Z	9.8	1.786	2.359	6.676953022809386
2024	5	30	Z	9.8	1.786	2.359	6.676953022809386
2024	5	30	Z	10.7	1.786	2.359	7.576953022809384
2024	5	30	Z	10.3	1.786	2.359	7.176953022809386
2024	5	30	C	10.3	1.786	2.359	7.176953022809386
2024	5	30	S	10.2	1.786	2.359	7.076953022809384
2024	5	29	M	10.4	1.782	2.373	7.268972810409025
2024	5	29	M	10.2	1.782	2.373	7.068972810409024
2024	5	29	C	10.9	1.782	2.373	7.768972810409025
2024	5	29	M	10.2	1.782	2.373	7.068972810409024
2024	5	29	C	11.8	1.782	2.373	8.668972810409025
2024	5	29	Z	10.7	1.782	2.373	7.568972810409024
2024	5	29	S	9.8	1.782	2.373	6.668972810409025
2024	5	29	B	10.9	1.782	2.373	7.768972810409025
2024	5	29	Z	9.9	1.782	2.373	6.768972810409025
2024	5	29	S	10.3	1.782	2.373	7.168972810409025
2024	5	29	Z	10.3	1.782	2.373	7.168972810409025
2024	5	29	C	10.4	1.782	2.373	7.268972810409025
2024	5	29	V	10.7	1.782	2.373	7.568972810409024
2024	5	29	H	9.9	1.782	2.373	6.768972810409025
2024	5	29	D	11.5	1.782	2.373	8.368972810409025
2024	5	29	B	10.7	1.782	2.373	7.568972810409024
2024	5	29	C	10.6	1.782	2.373	7.468972810409024
2024	5	29	M	10.7	1.782	2.373	7.568972810409024
2024	5	28	Z	10.9	1.778	2.388	7.7601696045423685
2024	5	28	Z	10.4	1.778	2.388	7.2601696045423685
2024	5	28	Z	10.4	1.778	2.388	7.2601696045423685
2024	5	28	Z	10.5	1.778	2.388	7.360169604542368
2024	5	28	S	9.8	1.778	2.388	6.660169604542369
2024	5	28	C	11.0	1.778	2.388	7.860169604542368
2024	5	28	M	10.7	1.778	2.388	7.560169604542367
2024	5	28	C	10.8	1.778	2.388	7.660169604542369
2024	5	27	Z	10.8	1.774	2.402	7.652366907187027
2024	5	27	Z	10.8	1.774	2.402	7.652366907187027
2024	5	27	Z	10.6	1.774	2.402	7.4523669071870255
2024	5	27	S	10.5	1.774	2.402	7.352366907187026
2024	5	27	S	10.0	1.774	2.402	6.852366907187026
2024	5	27	S	10.0	1.774	2.402	6.852366907187026
2024	5	26	M	10.3	1.771	2.416	7.143422544304156
2024	5	26	d	10.3	1.771	2.416	7.143422544304156
2024	5	26	Z	10.5	1.771	2.416	7.343422544304155
2024	5	26	C	10.5	1.771	2.416	7.343422544304155
2024	5	26	V	11.3	1.771	2.416	8.143422544304155
2024	5	26	M	10.6	1.771	2.416	7.443422544304155
2024	5	26	S	10.2	1.771	2.416	7.043422544304154
2024	5	25	Z	10.9	1.768	2.431	7.7336639023980505
2024	5	25	Z	11.1	1.768	2.431	7.93366390239805
2024	5	25	S	10.0	1.768	2.431	6.83366390239805
2024	5	25	Z	10.6	1.768	2.431	7.43366390239805
2024	5	25	C	11.0	1.768	2.431	7.83366390239805
2024	5	25	C	10.4	1.768	2.431	7.2336639023980505
2024	5	25	C	11.6	1.768	2.431	8.433663902398049
2024	5	25	S	10.5	1.768	2.431	7.33366390239805
2024	5	25	V	10.8	1.768	2.431	7.633663902398051
2024	5	25	D	11.7	1.768	2.431	8.53366390239805
2024	5	25	H	9.9	1.768	2.431	6.7336639023980505
2024	5	25	S	10.4	1.768	2.431	7.2336639023980505
2024	5	24	M	10.3	1.765	2.445	7.124882134082599
2024	5	24	Z	10.8	1.765	2.445	7.624882134082599
2024	5	24	C	11.4	1.765	2.445	8.224882134082598
2024	5	24	Z	10.7	1.765	2.445	7.524882134082597
2024	5	24	Z	10.6	1.765	2.445	7.424882134082598
2024	5	24	C	10.4	1.765	2.445	7.224882134082598
2024	5	24	V	11.2	1.765	2.445	8.024882134082597
2024	5	23	Z	10.5	1.762	2.459	7.316177835926268
2024	5	23	C	10.7	1.762	2.459	7.516177835926268
2024	5	23	S	10.4	1.762	2.459	7.216177835926269
2024	5	22	C	11.5	1.76	2.474	8.30543818446374
2024	5	22	C	10.8	1.76	2.474	7.6054381844637415
2024	5	22	S	10.5	1.76	2.474	7.305438184463741
2024	5	22	Z	10.6	1.76	2.474	7.4054381844637405
2024	5	20	S	10.0	1.757	2.502	6.78470466573652
2024	5	20	C	10.6	1.757	2.502	7.384704665736519
2024	5	20	Z	11.5	1.757	2.502	8.28470466573652
2024	5	19	S	9.8	1.756	2.516	6.573824258283425
2024	5	18	S	9.5	1.755	2.53	6.263011790111697
2024	5	17	C	10.2	1.754	2.544	6.952266519968009
2024	5	17	C	9.9	1.754	2.544	6.65226651996801
2024	5	17	S	9.8	1.754	2.544	6.55226651996801
2024	5	17	C	10.0	1.754	2.544	6.75226651996801
2024	5	17	Z	10.7	1.754	2.544	7.452266519968009
2024	5	17	C	10.5	1.754	2.544	7.25226651996801
2024	5	17	V	11.1	1.754	2.544	7.852266519968009
2024	5	17	S	10.8	1.754	2.544	7.55226651996801
2024	5	17	C	11.1	1.754	2.544	7.852266519968009
2024	5	16	C	10.6	1.754	2.558	7.340349354136716
2024	5	16	C	10.2	1.754	2.558	6.940349354136716
2024	5	16	C	10.5	1.754	2.558	7.2403493541367165
2024	5	16	C	10.0	1.754	2.558	6.7403493541367165
2024	5	16	C	10.6	1.754	2.558	7.340349354136716
2024	5	16	C	10.3	1.754	2.558	7.040349354136717
2024	5	16	C	10.4	1.754	2.558	7.140349354136717
2024	5	16	C	11.1	1.754	2.558	7.840349354136716
2024	5	16	C	9.9	1.754	2.558	6.640349354136717
2024	5	16	c	11.9	1.754	2.558	8.640349354136717
2024	5	16	V	11.1	1.754	2.558	7.840349354136716
2024	5	16	C	11.4	1.754	2.558	8.140349354136717
2024	5	16	C	10.8	1.754	2.558	7.540349354136717
2024	5	16	V	10.7	1.754	2.558	7.440349354136716
2024	5	15	M	10.2	1.755	2.572	6.927259574729862
2024	5	15	C	9.9	1.755	2.572	6.627259574729863
2024	5	15	C	10.4	1.755	2.572	7.127259574729863
2024	5	15	C	10.5	1.755	2.572	7.227259574729863
2024	5	15	C	10.2	1.755	2.572	6.927259574729862
2024	5	15	C	10.5	1.755	2.572	7.227259574729863
2024	5	15	C	10.3	1.755	2.572	7.027259574729864
2024	5	15	C	10.4	1.755	2.572	7.127259574729863
2024	5	15	M	10.0	1.755	2.572	6.727259574729863
2024	5	15	V	11.1	1.755	2.572	7.827259574729863
2024	5	15	C	11.3	1.755	2.572	8.027259574729865
2024	5	14	M	10.2	1.755	2.586	6.915471793268909
2024	5	14	Z	10.4	1.755	2.586	7.11547179326891
2024	5	14	M	10.0	1.755	2.586	6.71547179326891
2024	5	14	C	10.0	1.755	2.586	6.71547179326891
2024	5	14	M	10.3	1.755	2.586	7.015471793268911
2024	5	14	Z	10.5	1.755	2.586	7.21547179326891
2024	5	14	H	9.9	1.755	2.586	6.61547179326891
2024	5	14	V	10.7	1.755	2.586	7.415471793268909
2024	5	14	D	11.4	1.755	2.586	8.11547179326891
2024	5	14	V	11.3	1.755	2.586	8.015471793268912
2024	5	14	C	10.9	1.755	2.586	7.61547179326891
2024	5	14	S	10.6	1.755	2.586	7.31547179326891
2024	5	14	C	10.9	1.755	2.586	7.61547179326891
2024	5	13	M	10.1	1.757	2.6	6.801274452669435
2024	5	13	M	10.0	1.757	2.6	6.701274452669435
2024	5	13	Z	10.5	1.757	2.6	7.201274452669435
2024	5	13	k	10.9	1.757	2.6	7.601274452669435
2024	5	13	D	10.6	1.757	2.6	7.301274452669435
2024	5	13	Z	10.5	1.757	2.6	7.201274452669435
2024	5	13	H	9.6	1.757	2.6	6.301274452669435
2024	5	13	H	10.0	1.757	2.6	6.701274452669435
2024	5	13	M	10.3	1.757	2.6	7.001274452669436
2024	5	13	k	9.6	1.757	2.6	6.301274452669435
2024	5	13	k	9.8	1.757	2.6	6.501274452669436
2024	5	13	V	10.1	1.757	2.6	6.801274452669435
2024	5	13	B	10.2	1.757	2.6	6.901274452669434
2024	5	13	M	10.1	1.757	2.6	6.801274452669435
2024	5	13	S	9.6	1.757	2.6	6.301274452669435
2024	5	13	C	10.4	1.757	2.6	7.101274452669435
2024	5	13	c	12.7	1.757	2.6	9.401274452669433
2024	5	13	S	10.0	1.757	2.6	6.701274452669435
2024	5	12	S	9.7	1.758	2.614	6.388377730088607
2024	5	12	k	10.0	1.758	2.614	6.688377730088607
2024	5	12	k	10.2	1.758	2.614	6.888377730088607
2024	5	12	H	9.6	1.758	2.614	6.288377730088607
2024	5	12	H	10.0	1.758	2.614	6.688377730088607
2024	5	12	k	10.2	1.758	2.614	6.888377730088607
2024	5	12	k	10.4	1.758	2.614	7.088377730088608
2024	5	12	Z	10.5	1.758	2.614	7.188377730088607
2024	5	12	V	10.5	1.758	2.614	7.188377730088607
2024	5	12	M	10.2	1.758	2.614	6.888377730088607
2024	5	12	Z	10.4	1.758	2.614	7.088377730088608
2024	5	12	M	10.4	1.758	2.614	7.088377730088608
2024	5	12	M	10.1	1.758	2.614	6.788377730088607
2024	5	12	M	10.5	1.758	2.614	7.188377730088607
2024	5	12	C	10.6	1.758	2.614	7.288377730088607
2024	5	12	M	10.0	1.758	2.614	6.688377730088607
2024	5	12	M	10.8	1.758	2.614	7.488377730088608
2024	5	12	c	12.5	1.758	2.614	9.188377730088607
2024	5	12	C	10.5	1.758	2.614	7.188377730088607
2024	5	12	M	10.1	1.758	2.614	6.788377730088607
2024	5	12	M	10.5	1.758	2.614	7.188377730088607
2024	5	12	C	10.9	1.758	2.614	7.588377730088608
2024	5	11	M	10.1	1.76	2.628	6.774309856490534
2024	5	11	S	10.5	1.76	2.628	7.1743098564905345
2024	5	11	Z	11.0	1.76	2.628	7.6743098564905345
2024	5	11	S	10.5	1.76	2.628	7.1743098564905345
2024	5	11	S	10.1	1.76	2.628	6.774309856490534
2024	5	11	Z	10.5	1.76	2.628	7.1743098564905345
2024	5	11	S	11.0	1.76	2.628	7.6743098564905345
2024	5	11	Z	10.5	1.76	2.628	7.1743098564905345
2024	5	11	B	10.3	1.76	2.628	6.974309856490535
2024	5	11	M	10.1	1.76	2.628	6.774309856490534
2024	5	11	E	10.1	1.76	2.628	6.774309856490534
2024	5	11	C	10.4	1.76	2.628	7.074309856490535
2024	5	11	S	10.9	1.76	2.628	7.574309856490535
2024	5	11	V	11.2	1.76	2.628	7.874309856490534
2024	5	11	S	10.0	1.76	2.628	6.6743098564905345
2024	5	11	C	11.0	1.76	2.628	7.6743098564905345
2024	5	10	S	10.6	1.763	2.642	7.259074372110848
2024	5	10	Z	11.1	1.763	2.642	7.759074372110848
2024	5	10	Z	10.6	1.763	2.642	7.259074372110848
2024	5	10	M	10.1	1.763	2.642	6.759074372110848
2024	5	10	M	10.8	1.763	2.642	7.459074372110849
2024	5	10	Z	10.5	1.763	2.642	7.159074372110848
2024	5	10	M	10.2	1.763	2.642	6.859074372110848
2024	5	10	Z	10.5	1.763	2.642	7.159074372110848
2024	5	10	V	10.7	1.763	2.642	7.359074372110848
2024	5	10	C	10.5	1.763	2.642	7.159074372110848
2024	5	10	c	12.6	1.763	2.642	9.259074372110849
2024	5	10	C	10.3	1.763	2.642	6.959074372110849
2024	5	10	M	10.0	1.763	2.642	6.659074372110848
2024	5	10	V	10.8	1.763	2.642	7.459074372110849
2024	5	10	D	11.5	1.763	2.642	8.159074372110847
2024	5	10	H	9.9	1.763	2.642	6.559074372110849
2024	5	10	S	10.7	1.763	2.642	7.359074372110848
2024	5	10	S	10.4	1.763	2.642	7.059074372110849
2024	5	9	Z	10.5	1.766	2.655	7.144723876704812
2024	5	9	Z	10.8	1.766	2.655	7.4447238767048125
2024	5	9	C	10.7	1.766	2.655	7.344723876704811
2024	5	9	M	10.2	1.766	2.655	6.844723876704811
2024	5	9	C	10.3	1.766	2.655	6.9447238767048125
2024	5	9	C	10.1	1.766	2.655	6.744723876704811
2024	5	9	C	10.4	1.766	2.655	7.044723876704812
2024	5	9	M	10.1	1.766	2.655	6.744723876704811
2024	5	9	C	10.9	1.766	2.655	7.544723876704812
2024	5	9	C	11.2	1.766	2.655	7.844723876704811
2024	5	9	c	12.5	1.766	2.655	9.144723876704813
2024	5	9	C	10.2	1.766	2.655	6.844723876704811
2024	5	9	S	10.6	1.766	2.655	7.244723876704811
2024	5	9	C	10.6	1.766	2.655	7.244723876704811
2024	5	9	V	10.7	1.766	2.655	7.344723876704811
2024	5	9	H	9.8	1.766	2.655	6.4447238767048125
2024	5	9	D	11.5	1.766	2.655	8.144723876704813
2024	5	9	M	10.0	1.766	2.655	6.644723876704812
2024	5	9	S	9.8	1.766	2.655	6.4447238767048125
2024	5	9	S	9.6	1.766	2.655	6.244723876704811
2024	5	8	M	10.2	1.769	2.669	6.829617966513846
2024	5	8	Z	10.5	1.769	2.669	7.129617966513846
2024	5	8	M	10.3	1.769	2.669	6.929617966513847
2024	5	8	Z	10.5	1.769	2.669	7.129617966513846
2024	5	8	S	10.2	1.769	2.669	6.829617966513846
2024	5	8	Z	10.5	1.769	2.669	7.129617966513846
2024	5	8	C	10.7	1.769	2.669	7.329617966513846
2024	5	8	Z	10.8	1.769	2.669	7.429617966513847
2024	5	8	S	9.8	1.769	2.669	6.429617966513847
2024	5	8	M	10.3	1.769	2.669	6.929617966513847
2024	5	8	S	10.3	1.769	2.669	6.929617966513847
2024	5	8	C	10.7	1.769	2.669	7.329617966513846
2024	5	8	C	11.5	1.769	2.669	8.129617966513846
2024	5	8	S	10.0	1.769	2.669	6.629617966513846
2024	5	8	M	10.4	1.769	2.669	7.029617966513847
2024	5	7	M	10.2	1.773	2.683	6.813352958635716
2024	5	7	S	10.0	1.773	2.683	6.6133529586357165
2024	5	7	Z	10.4	1.773	2.683	7.013352958635717
2024	5	7	Z	10.8	1.773	2.683	7.413352958635717
2024	5	7	S	10.1	1.773	2.683	6.713352958635716
2024	5	7	S	10.0	1.773	2.683	6.6133529586357165
2024	5	7	k	10.9	1.773	2.683	7.513352958635717
2024	5	7	B	9.9	1.773	2.683	6.513352958635717
2024	5	7	V	11.2	1.773	2.683	7.813352958635716
2024	5	7	C	11.2	1.773	2.683	7.813352958635716
2024	5	7	M	10.8	1.773	2.683	7.413352958635717
2024	5	7	Z	10.6	1.773	2.683	7.213352958635716
2024	5	6	M	10.2	1.778	2.697	6.795936484564569
2024	5	6	S	10.0	1.778	2.697	6.59593648456457
2024	5	6	B	10.9	1.778	2.697	7.49593648456457
2024	5	6	C	10.7	1.778	2.697	7.295936484564569
2024	5	6	Z	10.8	1.778	2.697	7.3959364845645705
2024	5	6	Z	10.8	1.778	2.697	7.3959364845645705
2024	5	6	Z	10.5	1.778	2.697	7.09593648456457
2024	5	6	V	11.4	1.778	2.697	7.99593648456457
2024	5	6	C	11.3	1.778	2.697	7.8959364845645705
2024	5	6	M	10.1	1.778	2.697	6.6959364845645695
2024	5	6	S	10.1	1.778	2.697	6.6959364845645695
2024	5	5	M	10.2	1.782	2.71	6.780615047123691
2024	5	5	S	10.6	1.782	2.71	7.180615047123691
2024	5	5	M	10.0	1.782	2.71	6.5806150471236915
2024	5	5	V	11.0	1.782	2.71	7.5806150471236915
2024	5	5	M	9.9	1.782	2.71	6.480615047123692
2024	5	5	M	9.9	1.782	2.71	6.480615047123692
2024	5	5	M	10.5	1.782	2.71	7.0806150471236915
2024	5	5	S	10.1	1.782	2.71	6.680615047123691
2024	5	4	M	10.3	1.788	2.724	6.862126911496769
2024	5	4	S	10.0	1.788	2.724	6.562126911496768
2024	5	4	Z	10.5	1.788	2.724	7.062126911496768
2024	5	4	B	10.5	1.788	2.724	7.062126911496768
2024	5	4	C	10.3	1.788	2.724	6.862126911496769
2024	5	4	M	10.3	1.788	2.724	6.862126911496769
2024	5	4	C	10.2	1.788	2.724	6.762126911496767
2024	5	4	C	10.4	1.788	2.724	6.962126911496768
2024	5	4	C	10.2	1.788	2.724	6.762126911496767
2024	5	4	S	10.2	1.788	2.724	6.762126911496767
2024	5	4	M	10.4	1.788	2.724	6.962126911496768
2024	5	4	c	11.9	1.788	2.724	8.462126911496767
2024	5	4	C	11.1	1.788	2.724	7.662126911496768
2024	5	4	M	10.6	1.788	2.724	7.162126911496768
2024	5	4	V	11.2	1.788	2.724	7.762126911496767
2024	5	4	C	9.9	1.788	2.724	6.462126911496768
2024	5	4	M	11.1	1.788	2.724	7.662126911496768
2024	5	4	S	10.8	1.788	2.724	7.362126911496769
2024	5	4	M	10.0	1.788	2.724	6.562126911496768
2024	5	4	C	11.2	1.788	2.724	7.762126911496767
2024	5	4	S	10.6	1.788	2.724	7.162126911496768
2024	5	4	S	10.1	1.788	2.724	6.662126911496768
2024	5	4	S	9.6	1.788	2.724	6.162126911496768
2024	5	3	M	10.3	1.794	2.738	6.843720587469778
2024	5	3	k	10.8	1.794	2.738	7.343720587469778
2024	5	3	C	10.9	1.794	2.738	7.443720587469778
2024	5	3	Z	10.5	1.794	2.738	7.043720587469777
2024	5	3	C	10.7	1.794	2.738	7.2437205874697765
2024	5	3	B	10.0	1.794	2.738	6.543720587469777
2024	5	3	V	10.5	1.794	2.738	7.043720587469777
2024	5	3	M	10.8	1.794	2.738	7.343720587469778
2024	5	3	S	10.5	1.794	2.738	7.043720587469777
2024	5	3	C	11.2	1.794	2.738	7.7437205874697765
2024	5	3	S	10.9	1.794	2.738	7.443720587469778
2024	5	3	V	10.6	1.794	2.738	7.143720587469777
2024	5	3	M	10.2	1.794	2.738	6.7437205874697765
2024	5	3	C	10.7	1.794	2.738	7.2437205874697765
2024	5	3	M	10.5	1.794	2.738	7.043720587469777
2024	5	3	Z	11.0	1.794	2.738	7.543720587469777
2024	5	2	M	10.3	1.8	2.751	6.826184522535053
2024	5	2	V	10.7	1.8	2.751	7.226184522535052
2024	5	2	k	10.2	1.8	2.751	6.726184522535052
2024	5	2	M	10.1	1.8	2.751	6.626184522535052
2024	5	2	S	10.6	1.8	2.751	7.126184522535052
2024	5	2	C	10.2	1.8	2.751	6.726184522535052
2024	5	2	S	10.1	1.8	2.751	6.626184522535052
2024	5	2	M	10.9	1.8	2.751	7.426184522535053
2024	5	2	Z	10.5	1.8	2.751	7.026184522535052
2024	5	2	S	10.8	1.8	2.751	7.326184522535053
2024	5	2	M	10.2	1.8	2.751	6.726184522535052
2024	5	2	S	10.1	1.8	2.751	6.626184522535052
2024	5	1	M	10.3	1.807	2.765	6.8067335589917555
2024	5	1	Z	10.8	1.807	2.765	7.3067335589917555
2024	5	1	Z	10.6	1.807	2.765	7.106733558991754
2024	5	1	Z	10.6	1.807	2.765	7.106733558991754
2024	5	1	H	9.6	1.807	2.765	6.106733558991754
2024	5	1	H	10.0	1.807	2.765	6.506733558991755
2024	5	1	Z	10.5	1.807	2.765	7.006733558991755
2024	5	1	H	9.7	1.807	2.765	6.206733558991754
2024	5	1	H	10.1	1.807	2.765	6.606733558991754
2024	5	1	C	10.8	1.807	2.765	7.3067335589917555
2024	5	1	k	9.9	1.807	2.765	6.406733558991755
2024	5	1	k	10.1	1.807	2.765	6.606733558991754
2024	5	1	V	10.4	1.807	2.765	6.906733558991755
2024	5	1	M	10.2	1.807	2.765	6.706733558991754
2024	5	1	B	10.5	1.807	2.765	7.006733558991755
2024	5	1	M	10.4	1.807	2.765	6.906733558991755
2024	5	1	S	10.5	1.807	2.765	7.006733558991755
2024	4	30	M	10.3	1.814	2.778	6.788152379371635
2024	4	30	B	10.7	1.814	2.778	7.188152379371633
2024	4	30	M	10.1	1.814	2.778	6.588152379371634
2024	4	30	S	10.1	1.814	2.778	6.588152379371634
2024	4	30	S	9.7	1.814	2.778	6.188152379371633
2024	4	30	B	10.7	1.814	2.778	7.188152379371633
2024	4	30	M	10.1	1.814	2.778	6.588152379371634
2024	4	30	S	10.8	1.814	2.778	7.288152379371635
2024	4	30	M	10.5	1.814	2.778	6.988152379371634
2024	4	30	Z	10.6	1.814	2.778	7.088152379371634
2024	4	30	S	10.6	1.814	2.778	7.088152379371634
2024	4	30	M	10.1	1.814	2.778	6.588152379371634
2024	4	30	Z	10.8	1.814	2.778	7.288152379371635
2024	4	30	c	12.1	1.814	2.778	8.588152379371634
2024	4	30	C	9.9	1.814	2.778	6.388152379371634
2024	4	30	C	9.8	1.814	2.778	6.288152379371635
2024	4	30	M	10.2	1.814	2.778	6.688152379371633
2024	4	30	C	9.9	1.814	2.778	6.388152379371634
2024	4	30	C	10.3	1.814	2.778	6.788152379371635
2024	4	30	M	10.2	1.814	2.778	6.688152379371633
2024	4	30	S	10.2	1.814	2.778	6.688152379371633
2024	4	30	Z	10.7	1.814	2.778	7.188152379371633
2024	4	30	S	10.2	1.814	2.778	6.688152379371633
2024	4	30	C	10.1	1.814	2.778	6.588152379371634
2024	4	30	Z	10.6	1.814	2.778	7.088152379371634
2024	4	29	M	10.3	1.822	2.792	6.7676810670594865
2024	4	29	S	10.0	1.822	2.792	6.467681067059486
2024	4	29	M	10.4	1.822	2.792	6.867681067059486
2024	4	29	Z	10.4	1.822	2.792	6.867681067059486
2024	4	29	M	10.1	1.822	2.792	6.567681067059485
2024	4	29	Z	10.6	1.822	2.792	7.067681067059485
2024	4	29	S	10.8	1.822	2.792	7.2676810670594865
2024	4	29	C	10.4	1.822	2.792	6.867681067059486
2024	4	29	Z	10.9	1.822	2.792	7.367681067059486
2024	4	29	C	10.5	1.822	2.792	6.967681067059486
2024	4	29	S	10.2	1.822	2.792	6.667681067059485
2024	4	29	C	10.3	1.822	2.792	6.7676810670594865
2024	4	29	B	10.2	1.822	2.792	6.667681067059485
2024	4	29	B	10.0	1.822	2.792	6.467681067059486
2024	4	29	V	11.1	1.822	2.792	7.567681067059485
2024	4	29	C	11.1	1.822	2.792	7.567681067059485
2024	4	29	M	10.3	1.822	2.792	6.7676810670594865
2024	4	29	M	10.7	1.822	2.792	7.167681067059485
2024	4	29	Z	10.9	1.822	2.792	7.367681067059486
2024	4	29	S	9.4	1.822	2.792	5.867681067059486
2024	4	28	M	10.3	1.83	2.805	6.7480802233869515
2024	4	28	C	11.3	1.83	2.805	7.7480802233869515
2024	4	28	Z	10.7	1.83	2.805	7.14808022338695
2024	4	28	C	10.2	1.83	2.805	6.64808022338695
2024	4	28	C	10.7	1.83	2.805	7.14808022338695
2024	4	28	C	10.8	1.83	2.805	7.2480802233869515
2024	4	28	Z	10.4	1.83	2.805	6.848080223386951
2024	4	28	k	11.8	1.83	2.805	8.248080223386951
2024	4	28	Z	10.6	1.83	2.805	7.04808022338695
2024	4	28	C	10.6	1.83	2.805	7.04808022338695
2024	4	28	B	10.2	1.83	2.805	6.64808022338695
2024	4	28	M	10.3	1.83	2.805	6.7480802233869515
2024	4	28	C	10.1	1.83	2.805	6.54808022338695
2024	4	28	C	11.1	1.83	2.805	7.54808022338695
2024	4	28	M	10.5	1.83	2.805	6.948080223386951
2024	4	28	Z	10.7	1.83	2.805	7.14808022338695
2024	4	28	M	10.0	1.83	2.805	6.448080223386951
2024	4	28	Z	10.7	1.83	2.805	7.14808022338695
2024	4	27	M	10.5	1.839	2.819	6.926615974451601
2024	4	27	Z	10.6	1.839	2.819	7.026615974451601
2024	4	27	S	10.0	1.839	2.819	6.426615974451601
2024	4	27	M	10.3	1.839	2.819	6.726615974451602
2024	4	27	Z	10.7	1.839	2.819	7.1266159744516
2024	4	27	M	10.4	1.839	2.819	6.8266159744516015
2024	4	27	M	10.3	1.839	2.819	6.726615974451602
2024	4	27	V	10.4	1.839	2.819	6.8266159744516015
2024	4	27	C	10.6	1.839	2.819	7.026615974451601
2024	4	27	C	11.0	1.839	2.819	7.426615974451601
2024	4	26	C	11.1	1.849	2.832	7.504849199115477
2024	4	26	S	10.4	1.849	2.832	6.804849199115478
2024	4	26	S	10.4	1.849	2.832	6.804849199115478
2024	4	26	Z	10.7	1.849	2.832	7.104849199115477
2024	4	26	M	10.6	1.849	2.832	7.004849199115477
2024	4	26	M	10.2	1.849	2.832	6.604849199115477
2024	4	26	M	10.1	1.849	2.832	6.504849199115477
2024	4	26	M	10.3	1.849	2.832	6.704849199115478
2024	4	26	M	11.0	1.849	2.832	7.4048491991154775
2024	4	26	S	10.3	1.849	2.832	6.704849199115478
2024	4	25	M	10.3	1.859	2.846	6.68242857239918
2024	4	25	C	10.5	1.859	2.846	6.88242857239918
2024	4	24	C	10.6	1.869	2.859	6.960882716315895
2024	4	24	Z	11.0	1.869	2.859	7.360882716315896
2024	4	23	Z	10.9	1.88	2.872	7.238288575830287
2024	4	22	Z	10.7	1.891	2.886	7.015060721987424
2024	4	21	Z	10.1	1.903	2.899	6.3915649817899105
2024	4	21	C	10.6	1.903	2.899	6.8915649817899105
2024	4	21	V	10.8	1.903	2.899	7.091564981789912
2024	4	20	Z	10.8	1.916	2.912	7.0670656230823745
2024	4	20	C	11.6	1.916	2.912	7.8670656230823734
2024	4	20	V	10.8	1.916	2.912	7.0670656230823745
2024	4	20	M	10.4	1.916	2.912	6.667065623082374
2024	4	20	C	11.1	1.916	2.912	7.3670656230823734
2024	4	19	Z	10.7	1.929	2.925	6.94270950968958
2024	4	19	C	11.0	1.929	2.925	7.242709509689581
2024	4	19	M	10.6	1.929	2.925	6.8427095096895805
2024	4	18	C	10.4	1.942	2.939	6.617755941777007
2024	4	18	C	10.5	1.942	2.939	6.717755941777007
2024	4	18	M	10.7	1.942	2.939	6.917755941777006
2024	4	18	C	10.9	1.942	2.939	7.117755941777007
2024	4	18	C	10.5	1.942	2.939	6.717755941777007
2024	4	18	Z	10.7	1.942	2.939	6.917755941777006
2024	4	17	C	10.7	1.956	2.952	6.892573981987066
2024	4	17	S	10.9	1.956	2.952	7.0925739819870675
2024	4	17	V	10.8	1.956	2.952	6.992573981987068
2024	4	17	C	10.9	1.956	2.952	7.0925739819870675
2024	4	17	S	10.3	1.956	2.952	6.492573981987068
2024	4	17	S	10.2	1.956	2.952	6.392573981987066
2024	4	16	C	10.9	1.97	2.965	7.067545380690628
2024	4	16	M	10.5	1.97	2.965	6.667545380690628
2024	4	16	C	10.6	1.97	2.965	6.767545380690628
2024	4	16	V	10.9	1.97	2.965	7.067545380690628
2024	4	16	C	11.2	1.97	2.965	7.367545380690627
2024	4	16	Z	10.6	1.97	2.965	6.767545380690628
2024	4	16	Z	10.5	1.97	2.965	6.667545380690628
2024	4	15	Z	10.8	1.985	2.978	6.941573977423545
2024	4	15	C	10.4	1.985	2.978	6.541573977423544
2024	4	15	S	10.7	1.985	2.978	6.841573977423543
2024	4	15	V	10.8	1.985	2.978	6.941573977423545
2024	4	15	C	10.4	1.985	2.978	6.541573977423544
2024	4	15	Z	11.0	1.985	2.978	7.141573977423544
2024	4	15	k	10.3	1.985	2.978	6.441573977423545
2024	4	15	V	10.8	1.985	2.978	6.941573977423545
2024	4	15	S	10.3	1.985	2.978	6.441573977423545
2024	4	15	C	11.3	1.985	2.978	7.441573977423545
2024	4	14	Z	11.0	2.001	2.991	7.114682491662352
2024	4	14	V	11.1	2.001	2.991	7.2146824916623515
2024	4	14	C	10.8	2.001	2.991	6.914682491662353
2024	4	14	M	10.6	2.001	2.991	6.7146824916623515
2024	4	14	M	10.6	2.001	2.991	6.7146824916623515
2024	4	14	C	10.9	2.001	2.991	7.014682491662352
2024	4	13	S	10.7	2.016	3.004	6.789047719471907
2024	4	13	M	10.7	2.016	3.004	6.789047719471907
2024	4	13	Z	10.8	2.016	3.004	6.889047719471908
2024	4	13	C	10.6	2.016	3.004	6.689047719471907
2024	4	13	Z	11.0	2.016	3.004	7.089047719471908
2024	4	13	V	11.0	2.016	3.004	7.089047719471908
2024	4	13	C	11.1	2.016	3.004	7.189047719471907
2024	4	13	C	10.5	2.016	3.004	6.589047719471908
2024	4	13	S	10.9	2.016	3.004	6.989047719471908
2024	4	13	V	10.7	2.016	3.004	6.789047719471907
2024	4	13	M	10.7	2.016	3.004	6.789047719471907
2024	4	13	M	10.7	2.016	3.004	6.789047719471907
2024	4	13	C	10.9	2.016	3.004	6.989047719471908
2024	4	13	M	10.6	2.016	3.004	6.689047719471907
2024	4	12	Z	10.9	2.033	3.018	6.960716929611952
2024	4	12	C	10.7	2.033	3.018	6.760716929611951
2024	4	12	c	10.4	2.033	3.018	6.460716929611952
2024	4	12	C	10.5	2.033	3.018	6.560716929611952
2024	4	12	S	10.8	2.033	3.018	6.860716929611953
2024	4	12	M	10.6	2.033	3.018	6.660716929611952
2024	4	12	M	10.5	2.033	3.018	6.560716929611952
2024	4	12	S	11.0	2.033	3.018	7.060716929611952
2024	4	12	Z	10.9	2.033	3.018	6.960716929611952
2024	4	12	Z	10.7	2.033	3.018	6.760716929611951
2024	4	12	Z	11.0	2.033	3.018	7.060716929611952
2024	4	12	M	10.8	2.033	3.018	6.860716929611953
2024	4	11	Z	10.9	2.049	3.031	6.934360526155913
2024	4	11	C	10.6	2.049	3.031	6.634360526155913
2024	4	11	C	11.0	2.049	3.031	7.034360526155913
2024	4	11	M	10.8	2.049	3.031	6.834360526155914
2024	4	11	S	10.7	2.049	3.031	6.734360526155912
2024	4	11	S	10.2	2.049	3.031	6.234360526155912
2024	4	10	Z	11.0	2.067	3.044	7.006074376370883
2024	4	10	M	10.5	2.067	3.044	6.506074376370883
2024	4	10	M	10.8	2.067	3.044	6.8060743763708835
2024	4	10	S	10.6	2.067	3.044	6.6060743763708825
2024	4	10	S	10.6	2.067	3.044	6.6060743763708825
2024	4	10	C	10.6	2.067	3.044	6.6060743763708825
2024	4	10	C	10.7	2.067	3.044	6.706074376370882
2024	4	10	S	10.8	2.067	3.044	6.8060743763708835
2024	4	10	C	10.8	2.067	3.044	6.8060743763708835
2024	4	10	C	11.1	2.067	3.044	7.1060743763708825
2024	4	10	M	11.0	2.067	3.044	7.006074376370883
2024	4	10	M	10.8	2.067	3.044	6.8060743763708835
2024	4	10	Z	11.2	2.067	3.044	7.206074376370882
2024	4	10	Z	10.5	2.067	3.044	6.506074376370883
2024	4	10	S	9.9	2.067	3.044	5.906074376370883
2024	4	10	Z	10.9	2.067	3.044	6.906074376370883
2024	4	9	Z	10.7	2.084	3.057	6.679034233232121
2024	4	9	M	10.8	2.084	3.057	6.779034233232123
2024	4	9	Z	11.1	2.084	3.057	7.079034233232122
2024	4	9	C	10.5	2.084	3.057	6.479034233232122
2024	4	9	C	10.7	2.084	3.057	6.679034233232121
2024	4	9	C	11.1	2.084	3.057	7.079034233232122
2024	4	9	B	10.3	2.084	3.057	6.279034233232123
2024	4	9	S	10.8	2.084	3.057	6.779034233232123
2024	4	9	C	11.1	2.084	3.057	7.079034233232122
2024	4	9	V	11.0	2.084	3.057	6.979034233232122
2024	4	9	Z	10.8	2.084	3.057	6.779034233232123
2024	4	9	S	10.8	2.084	3.057	6.779034233232123
2024	4	8	M	10.8	2.102	3.07	6.751144564152952
2024	4	8	B	10.6	2.102	3.07	6.551144564152951
2024	4	8	C	11.1	2.102	3.07	7.051144564152951
2024	4	8	M	10.8	2.102	3.07	6.751144564152952
2024	4	7	M	11.1	2.121	3.083	7.022429033784649
2024	4	7	Z	11.3	2.121	3.083	7.22242903378465
2024	4	7	C	10.8	2.121	3.083	6.72242903378465
2024	4	6	C	10.8	2.14	3.096	6.693926373199772
2024	4	6	C	11.6	2.14	3.096	7.493926373199771
2024	4	6	C	10.9	2.14	3.096	6.793926373199771
2024	4	6	M	10.8	2.14	3.096	6.693926373199772
2024	4	6	C	11.3	2.14	3.096	7.193926373199772
2024	4	5	M	10.9	2.159	3.108	6.766331737684463
2024	4	5	S	10.9	2.159	3.108	6.766331737684463
2024	4	5	C	11.2	2.159	3.108	7.066331737684462
2024	4	4	S	10.9	2.178	3.121	6.738241779574556
2024	4	4	C	11.4	2.178	3.121	7.238241779574556
2024	4	4	Z	11.3	2.178	3.121	7.138241779574557
2024	4	3	C	10.9	2.199	3.134	6.708378892533192
2024	4	3	C	11.2	2.199	3.134	7.008378892533191
2024	4	3	C	11.5	2.199	3.134	7.308378892533192
2024	4	3	M	11.5	2.199	3.134	7.308378892533192
2024	4	3	Z	11.5	2.199	3.134	7.308378892533192
2024	4	2	C	11.2	2.219	3.147	6.979729774273856
2024	4	2	C	11.4	2.219	3.147	7.1797297742738575
2024	4	2	C	11.3	2.219	3.147	7.079729774273858
2024	4	2	Z	11.4	2.219	3.147	7.1797297742738575
2024	4	1	S	11.7	2.24	3.16	7.450324495237165
2024	4	1	C	11.4	2.24	3.16	7.150324495237166
2024	3	31	Z	11.2	2.261	3.173	6.92114682777114
2024	3	31	C	11.2	2.261	3.173	6.92114682777114
2024	3	31	C	11.5	2.261	3.173	7.221146827771141
2024	3	31	Z	11.5	2.261	3.173	7.221146827771141
2024	3	31	C	11.7	2.261	3.173	7.42114682777114
2024	3	30	C	11.3	2.283	3.186	6.991241585223261
2024	3	30	C	11.6	2.283	3.186	7.2912415852232595
2024	3	29	Z	11.7	2.305	3.198	7.362253054320585
2024	3	28	C	11.1	2.327	3.211	6.732816555733838
2024	3	28	C	11.5	2.327	3.211	7.1328165557338385
2024	3	25	C	11.5	2.396	3.249	7.043817374688717
2024	3	24	C	12.0	2.419	3.262	7.514400874669317
2024	3	23	C	11.5	2.443	3.274	6.984989289753203
2024	3	22	C	12.1	2.467	3.287	7.555155732143198
2024	3	21	C	12.1	2.491	3.3	7.5255616629280295
2024	3	21	Z	12.0	2.491	3.3	7.42556166292803
2024	3	21	S	11.9	2.491	3.3	7.32556166292803
2024	3	21	S	11.9	2.491	3.3	7.32556166292803
2024	3	20	C	12.1	2.516	3.312	7.495995175569631
2024	3	19	S	11.2	2.541	3.325	6.566018426552535
2024	3	19	C	12.2	2.541	3.325	7.566018426552535
2024	3	18	Z	12.0	2.566	3.337	7.336935706531488
2024	3	18	C	11.6	2.566	3.337	6.936935706531488
2024	3	18	C	12.3	2.566	3.337	7.636935706531489
2024	3	18	C	12.0	2.566	3.337	7.336935706531488
2024	3	17	Z	12.2	2.592	3.35	7.506600978822995
2024	3	16	C	11.9	2.617	3.362	7.177992841283334
2024	3	16	C	11.7	2.617	3.362	6.977992841283333
2024	3	16	S	11.7	2.617	3.362	6.977992841283333
2024	3	16	C	12.3	2.617	3.362	7.577992841283335
2024	3	16	Z	12.3	2.617	3.362	7.577992841283335
2024	3	15	C	12.2	2.643	3.375	7.448145298506229
2024	3	15	Z	12.3	2.643	3.375	7.54814529850623
2024	3	15	Z	12.3	2.643	3.375	7.54814529850623
2024	3	14	C	12.2	2.669	3.387	7.41918114783931
2024	3	13	S	11.9	2.696	3.4	7.089005975472313
2024	3	13	M	12.4	2.696	3.4	7.589005975472313
2024	3	13	Z	12.2	2.696	3.4	7.389005975472312
2024	3	12	M	12.5	2.722	3.412	7.660514283185994
2024	3	11	M	12.5	2.749	3.424	7.631457520757079
2024	3	11	Z	12.6	2.749	3.424	7.731457520757079
2024	3	10	S	11.9	2.776	3.437	7.002005030399787
2024	3	9	S	11.8	2.803	3.449	6.873418539361617
2024	3	9	C	12.5	2.803	3.449	7.573418539361616
2024	3	9	C	12.5	2.803	3.449	7.573418539361616
2024	3	9	S	12.1	2.803	3.449	7.173418539361616
2024	3	9	S	12.0	2.803	3.449	7.073418539361616
2024	3	9	M	12.2	2.803	3.449	7.273418539361615
2024	3	9	S	11.6	2.803	3.449	6.673418539361616
2024	3	8	S	11.8	2.83	3.461	6.845059825907911
2024	3	8	C	12.7	2.83	3.461	7.7450598259079095
2024	3	8	S	12.4	2.83	3.461	7.445059825907911
2024	3	8	C	12.2	2.83	3.461	7.2450598259079095
2024	3	8	C	12.3	2.83	3.461	7.345059825907911
2024	3	8	S	12.2	2.83	3.461	7.2450598259079095
2024	3	8	S	12.0	2.83	3.461	7.04505982590791
2024	3	7	C	12.8	2.858	3.474	7.815539807169844
2024	3	7	S	12.3	2.858	3.474	7.315539807169844
2024	3	7	C	12.3	2.858	3.474	7.315539807169844
2024	3	6	Z	12.6	2.885	3.486	7.587633998671377
2024	3	6	Z	12.5	2.885	3.486	7.487633998671377
2024	3	6	Z	12.4	2.885	3.486	7.387633998671378
2024	3	5	M	12.6	2.913	3.498	7.559198551148374
2024	3	5	C	12.6	2.913	3.498	7.559198551148374
2024	3	5	C	12.7	2.913	3.498	7.659198551148374
2024	3	5	S	12.4	2.913	3.498	7.359198551148375
2024	3	4	Z	12.7	2.941	3.511	7.630370730137897
2024	3	4	C	12.8	2.941	3.511	7.730370730137898
2024	3	4	Z	12.7	2.941	3.511	7.630370730137897
2024	3	4	S	12.3	2.941	3.511	7.230370730137898
2024	3	4	S	12.4	2.941	3.511	7.330370730137898
2024	3	4	S	12.4	2.941	3.511	7.330370730137898
2024	3	3	Z	12.8	2.969	3.523	7.702385796113565
2024	2	29	Z	12.7	3.054	3.559	7.519014896378757
2024	2	29	C	12.2	3.054	3.559	7.019014896378757
2024	2	25	Z	13.0	3.169	3.608	7.709056159698976
2024	2	24	C	12.3	3.198	3.62	6.982064850283093
2024	2	21	Z	13.0	3.285	3.656	7.6022921952120335
2024	2	20	C	13.1	3.314	3.668	7.676090844593492
2024	2	19	Z	12.9	3.343	3.68	7.450079023669569
2024	2	18	Z	13.0	3.373	3.692	7.52360983228462
2024	2	17	C	13.3	3.402	3.704	7.797973563567766
2024	2	16	Z	12.9	3.431	3.716	7.3725178831111124
2024	2	16	C	13.4	3.431	3.716	7.8725178831111124
2024	2	16	Z	13.9	3.431	3.716	8.372517883111112
2024	2	16	S	12.6	3.431	3.716	7.072517883111112
2024	2	16	M	12.4	3.431	3.716	6.8725178831111124
2024	2	14	S	12.8	3.49	3.74	7.2215148542017
2024	2	14	Z	13.0	3.49	3.74	7.421514854201699
2024	2	14	Z	13.1	3.49	3.74	7.5215148542016985
2024	2	13	S	13.1	3.52	3.752	7.495972534074211
2024	2	13	Z	13.5	3.52	3.752	7.895972534074211
2024	2	13	C	13.1	3.52	3.752	7.495972534074211
2024	2	13	C	13.4	3.52	3.752	7.795972534074211
2024	2	13	C	13.1	3.52	3.752	7.495972534074211
2024	2	13	Z	13.3	3.52	3.752	7.695972534074212
2024	2	12	S	13.1	3.549	3.764	7.47122192948594
2024	2	10	C	13.4	3.608	3.787	7.722190830046349
2024	2	9	Z	13.4	3.637	3.799	7.697937026952839
2024	2	9	C	13.5	3.637	3.799	7.797937026952838
2024	2	8	Z	13.7	3.667	3.811	7.97325070633615
2024	2	7	C	13.0	3.696	3.823	7.249318697164513
2024	2	7	V	13.3	3.696	3.823	7.549318697164514
2024	2	5	Z	13.6	3.755	3.846	7.801903893786759
2024	1	29	C	13.8	3.96	3.928	7.840666674797879
2024	1	29	M	13.5	3.96	3.928	7.540666674797878
2024	1	28	C	13.6	3.988	3.94	7.618743142674039
2024	1	28	Z	13.7	3.988	3.94	7.718743142674039
2024	1	28	Z	13.8	3.988	3.94	7.81874314267404
2024	1	24	C	13.9	4.104	3.986	7.831276767658857
2024	1	24	M	13.6	4.104	3.986	7.531276767658857
2024	1	22	C	13.3	4.161	4.01	7.188289557934353
2024	1	22	Z	13.5	4.161	4.01	7.388289557934352
2024	1	22	Z	14.0	4.161	4.01	7.888289557934352
2024	1	21	C	14.2	4.189	4.021	8.067777832679345
2024	1	21	M	13.9	4.189	4.021	7.7677778326793465
2024	1	21	C	13.2	4.189	4.021	7.0677778326793455
2024	1	21	Z	13.9	4.189	4.021	7.7677778326793465
2024	1	21	Z	13.6	4.189	4.021	7.467777832679346
2024	1	20	S	13.2	4.218	4.033	7.046326012944568
2024	1	20	Z	13.9	4.218	4.033	7.746326012944569
2024	1	18	M	13.9	4.274	4.056	7.70533767923335
2024	1	17	Z	14.4	4.302	4.067	8.185277107719845
2024	1	14	C	13.8	4.385	4.101	7.52570316505228
2024	1	13	Z	14.2	4.413	4.113	7.90553681521816
2024	1	10	C	13.7	4.494	4.147	7.348164482764359
2024	1	10	Z	14.0	4.494	4.147	7.64816448276436
2024	1	9	C	13.7	4.521	4.158	7.329405039851276
2024	1	9	C	13.7	4.521	4.158	7.329405039851276
2024	1	9	Z	14.2	4.521	4.158	7.829405039851276
2024	1	8	C	13.9	4.548	4.17	7.510217445052727
2024	1	7	C	13.7	4.575	4.181	7.291643670235589
2024	1	7	M	13.7	4.575	4.181	7.291643670235589
2024	1	7	S	12.7	4.575	4.181	6.291643670235589
2024	1	5	C	13.8	4.628	4.204	7.354719711820417
2024	1	4	C	13.9	4.654	4.215	7.43688021044264
2023	12	31	C	13.9	4.757	4.26	7.366286247386897
2023	12	31	Z	14.5	4.757	4.26	7.966286247386897
2023	12	27	C	14.0	4.858	4.305	7.397846668706074
2023	12	25	V	14.4	4.907	4.327	7.764985234101802
2023	12	22	C	14.1	4.979	4.361	7.41635893525557
2023	12	22	Z	14.3	4.979	4.361	7.616358935255571
2023	12	21	C	14.0	5.002	4.372	7.300880796639255
2023	12	20	C	14.1	5.026	4.383	7.385030225447418
2023	12	19	C	14.1	5.049	4.394	7.369672883600111
2023	12	19	Z	14.4	5.049	4.394	7.669672883600112
2023	12	18	C	14.0	5.072	4.405	7.254374211891285
2023	12	15	Z	14.6	5.14	4.438	7.809247915543674
2023	12	10	C	14.4	5.249	4.493	7.536935043194171
2023	12	7	C	14.7	5.311	4.526	7.795545744810765
2023	11	28	C	14.5	5.486	4.624	7.478631856595085
2023	9	10	Z	16.2	6.122	5.447	8.58474649732776
2023	9	6	C	15.3	6.114	5.487	7.6716980270692545
2023	9	5	C	15.7	6.111	5.497	8.068809896572214
2023	9	3	Z	16.2	6.106	5.517	8.562701080398085
2023	8	21	C	15.5	6.054	5.646	7.831083547842726
2023	8	18	Z	16.5	6.038	5.676	8.825322522637423
2023	8	18	Z	16.3	6.038	5.676	8.625322522637424
2023	8	16	Z	16.5	6.027	5.696	8.821644139516442
2023	8	13	V	16.3	6.009	5.725	8.61711152487418
2023	8	8	Z	16.4	5.978	5.774	8.709836548760181
2023	8	7	Z	16.4	5.972	5.784	8.708259583302688
2023	8	6	Z	16.2	5.965	5.794	8.507055305629482
2023	8	2	Z	16.8	5.938	5.833	9.102339151549796
2023	7	20	Z	16.6	5.845	5.959	8.890210495386773
2023	7	18	Z	16.6	5.831	5.978	8.888505239378471
2023	7	17	Z	16.7	5.824	5.988	8.987484210120021
2023	7	15	C	16.4	5.81	6.007	8.685831178311568
2023	7	15	Z	16.7	5.81	6.007	8.98583117831157
2023	7	13	Z	16.3	5.795	6.026	8.584587161815236
2023	7	12	C	16.4	5.788	6.036	8.683611232247237
2023	7	11	V	16.5	5.781	6.045	8.78300362714047
2023	7	8	C	16.7	5.761	6.074	8.980136685956133
2023	7	8	Z	15.9	5.761	6.074	8.180136685956136
2023	7	7	C	16.1	5.754	6.083	8.379561629913848
2023	7	7	V	16.7	5.754	6.083	8.979561629913846
2023	7	7	Z	16.7	5.754	6.083	8.979561629913846
2023	7	6	C	16.3	5.748	6.093	8.578260312066714
2023	7	6	Z	16.8	5.748	6.093	9.078260312066714
2023	6	25	Z	16.6	5.681	6.198	8.866618194097388
2023	6	24	C	16.3	5.676	6.207	8.565379339145835
2023	6	22	Z	16.1	5.666	6.226	8.362571567345427
2023	6	19	Z	16.7	5.652	6.254	8.958199849582822
2023	6	18	Z	16.8	5.648	6.264	9.056267814531829
2023	6	16	C	16.5	5.64	6.282	8.75311481977086
2023	6	16	C	16.3	5.64	6.282	8.55311481977086
2023	6	16	Z	16.8	5.64	6.282	9.05311481977086
2023	6	15	Z	16.2	5.636	6.292	8.45120150805716
2023	6	15	C	16.3	5.636	6.292	8.551201508057162
2023	6	14	C	16.4	5.633	6.301	8.64925384574761
2023	6	13	C	16.4	5.63	6.311	8.64696712486939
2023	6	13	Z	16.7	5.63	6.311	8.94696712486939
2023	6	13	V	16.9	5.63	6.311	9.14696712486939
2023	6	12	Z	16.7	5.627	6.32	8.94503003281811
2023	6	12	C	16.3	5.627	6.32	8.545030032818111
2023	6	12	C	17.3	5.627	6.32	9.545030032818111
2023	6	11	C	16.5	5.624	6.329	8.74309796156843
2023	6	11	Z	16.4	5.624	6.329	8.64309796156843
2023	6	10	Z	16.8	5.621	6.339	9.040828314675432
2023	6	10	C	16.3	5.621	6.339	8.540828314675432
2023	6	10	Z	16.5	5.621	6.339	8.740828314675431
2023	6	9	Z	16.8	5.619	6.348	9.038520249111448
2023	6	8	Z	16.8	5.616	6.358	9.036261886497485
2023	6	8	C	16.3	5.616	6.358	8.536261886497485
2023	6	8	Z	16.9	5.616	6.358	9.136261886497483
2023	6	8	Z	16.8	5.616	6.358	9.036261886497485
2023	6	7	C	16.4	5.614	6.367	8.633963709188688
2023	6	7	Z	16.8	5.614	6.367	9.03396370918869
2023	6	5	C	16.7	5.611	6.386	8.928654085465583
2023	6	4	C	16.6	5.61	6.395	8.82598294964583
2023	6	4	Z	17.2	5.61	6.395	9.425982949645828
2023	6	3	C	16.8	5.609	6.404	9.023316183716107
2023	6	2	C	16.0	5.608	6.414	8.220315197244881
2023	6	1	C	16.5	5.608	6.423	8.717270365136486
2023	5	31	C	16.4	5.608	6.432	8.614229796505015
2023	5	29	C	16.4	5.608	6.451	8.607824765736739
2023	5	28	C	16.4	5.609	6.46	8.604410209976994
2023	5	28	Z	17.1	5.609	6.46	9.304410209976997
2023	5	27	C	16.5	5.61	6.469	8.70099993801675
2023	5	27	Z	16.9	5.61	6.469	9.100999938016749
2023	5	26	Z	17.0	5.611	6.479	9.197258756756082
2023	5	26	C	16.4	5.611	6.479	8.59725875675608
2023	5	25	C	16.4	5.613	6.488	8.593470582886138
2023	5	25	C	17.2	5.613	6.488	9.393470582886138
2023	5	24	Z	16.9	5.614	6.497	9.090073624681054
2023	5	24	Z	16.3	5.614	6.497	8.490073624681056
2023	5	24	Z	17.4	5.614	6.497	9.590073624681054
2023	5	23	C	16.2	5.616	6.506	8.386294209662081
2023	5	22	C	16.5	5.619	6.516	8.681799461343143
2023	5	22	C	16.5	5.619	6.516	8.681799461343143
2023	5	22	Z	16.9	5.619	6.516	9.081799461343142
2023	5	21	C	16.4	5.621	6.525	8.578029493483715
2023	5	21	C	16.5	5.621	6.525	8.678029493483717
2023	5	21	Z	17.0	5.621	6.525	9.178029493483717
2023	5	19	C	16.4	5.628	6.543	8.569344954694646
2023	5	18	C	16.7	5.631	6.553	8.864871523514262
2023	5	18	Z	17.0	5.631	6.553	9.164871523514263
2023	5	17	Z	17.5	5.635	6.562	9.66034926783923
2023	5	16	V	16.9	5.64	6.571	9.05544714413071
2023	5	16	C	16.5	5.64	6.571	8.655447144130711
2023	5	15	Z	16.9	5.644	6.58	9.05093550651867
2023	5	14	C	16.7	5.649	6.589	8.84604458858068
2023	5	14	C	16.4	5.649	6.589	8.54604458858068
2023	5	13	Z	17.0	5.654	6.599	9.140830337421882
2023	5	13	C	16.9	5.654	6.599	9.04083033742188
2023	5	11	Z	16.1	5.666	6.617	8.230311475859931
2023	5	7	C	16.7	5.692	6.654	8.808261560274747
2023	5	1	Z	17.3	5.742	6.708	9.371718789527325
2023	4	30	Z	17.1	5.752	6.718	9.164705615597644
2023	4	30	Z	17.1	5.752	6.718	9.164705615597644
2023	4	29	Z	17.0	5.762	6.727	9.058026591864017
2023	4	28	C	16.9	5.772	6.736	8.951357995434751
2023	4	27	C	16.9	5.782	6.745	8.944699793287189
2023	4	26	C	16.8	5.793	6.754	8.837677076007752
2023	4	25	C	16.8	5.804	6.763	8.830666044044797
2023	4	25	Z	16.7	5.804	6.763	8.730666044044796
2023	4	25	Z	16.7	5.804	6.763	8.730666044044796
2023	4	24	V	17.5	5.816	6.772	9.523293263560605
2023	4	24	Z	17.3	5.816	6.772	9.323293263560606
2023	4	23	Z	17.1	5.827	6.781	9.116306187664204
2023	4	23	Z	15.9	5.827	6.781	7.916306187664202
2023	4	22	C	16.6	5.84	6.79	8.608586893035497
2023	4	22	Z	17.3	5.84	6.79	9.308586893035496
2023	4	22	Z	17.2	5.84	6.79	9.208586893035495
2023	4	21	C	17.0	5.852	6.799	9.001253206863078
2023	4	20	Z	17.3	5.865	6.808	9.293562182359604
2023	4	20	V	17.3	5.865	6.808	9.293562182359604
2023	4	20	C	16.8	5.865	6.808	8.793562182359604
2023	4	17	C	17.0	5.905	6.836	8.969890220008836
2023	4	16	Z	16.1	5.919	6.845	8.06189103779069
2023	4	14	C	17.2	5.948	6.863	9.145575206297059
2023	4	13	Z	17.2	5.963	6.872	9.137260199155373
2023	4	13	S	14.4	5.963	6.872	6.337260199155374
2023	4	11	Z	17.4	5.994	6.89	9.320320197413741
2023	4	9	Z	17.4	6.026	6.908	9.3030927188362
2023	4	1	C	14.5	6.166	6.98	6.330705284931748
2023	3	30	C	16.9	6.204	6.998	8.711771363557723
2023	3	29	Z	17.5	6.223	7.006	9.30265033016928
2023	3	28	Z	17.7	6.243	7.015	9.49289494852166
2023	3	26	C	17.5	6.282	7.033	9.27380725262054
2023	3	24	Z	17.6	6.323	7.051	9.354130517548699
2023	3	22	V	18.5	6.365	7.069	10.234218051745135
2023	3	21	Z	18.4	6.386	7.078	10.124302637475388
2023	3	19	C	17.7	6.429	7.096	9.404214837074194
2023	3	19	Z	17.4	6.429	7.096	9.104214837074194
2023	3	18	C	18.1	6.451	7.104	9.79435002667703
2023	3	18	C	17.4	6.451	7.104	9.094350026677027
2023	3	16	Z	17.8	6.495	7.122	9.474094376263592
2023	3	16	C	18.1	6.495	7.122	9.774094376263593
2023	3	15	Z	17.8	6.517	7.131	9.46400921278279
2023	3	15	Z	17.8	6.517	7.131	9.46400921278279
2023	3	3	C	18.0	6.798	7.237	9.540301335634528
2023	3	2	Z	18.2	6.822	7.246	9.729949776150518
2023	3	1	Z	17.9	6.847	7.255	9.41931127679463
2023	2	28	C	18.2	6.871	7.264	9.709021079730313
2023	2	28	C	17.7	6.871	7.264	9.209021079730313
2023	2	27	C	17.9	6.896	7.272	9.398744384847161
2023	2	27	C	18.0	6.896	7.272	9.498744384847162
2023	2	26	C	18.1	6.921	7.281	9.588200598538236
2023	2	25	C	18.2	6.946	7.29	9.677688463536409
2023	2	25	C	17.9	6.946	7.29	9.377688463536408
2023	2	25	C	18.3	6.946	7.29	9.77768846353641
